Temps (s)   Concentration (mol/L)
0.0     1.00000
0.20408 0.81873
0.40816 0.67032
0.61224 0.54881
0.81633 0.44933
1.02041 0.36788
1.22449 0.30119
1.42857 0.24660
1.63265 0.20190
1.83673 0.16530
2.04082 0.13534
2.24490 0.11080
2.44898 0.09072
2.65306 0.07427
2.85714 0.06081
3.06122 0.04979
3.26531 0.04076
3.46939 0.03337
3.67347 0.02732
3.87755 0.02237
4.08163 0.01832
4.28571 0.01500
4.48980 0.01228
4.69388 0.01005
4.89796 0.00823
5.10204 0.00674
5.30612 0.00552
5.51020 0.00452
5.71429 0.00370
5.91837 0.00304
6.12245 0.00249
6.32653 0.00205
6.53061 0.00168
6.73469 0.00137
6.93878 0.00111
7.14286 0.00088
7.34694 0.00068
7.55102 0.00050
7.75510 0.00034
7.95918 0.00018